0000000000000000000000000000000000000000000000000000000000000000
0000000000000000000000000000000000000000000000000000000000000000
0000000000000000000000000000000000000000000000000000000000000000
0000000000000000000000000000000000000000000000000000000000000000
0000000000000000000000000000000000000000000000000000000000000000
0000000000000000000000000000000000000000000000000000000000000000
0000000000000000000000000112222222221100000000000000000000000000
0000000000000000000023333333333333333333332000000000000000000000
0000000000000000233333333333333333333333333333200000000000000000
0000000000000233333333333333333333333333333333333200000000000000
0000000000023333333333333333333333333333333333333332000000000000
0000000002333333333333333333333333333333333333333333320000000000
0000000023333333333320023333333333333320023333333333332000000000
0000000233333333333000000333333333333000000333333333333200000000
0000000233333333333320023333333333333320023333333333333200000000
0000002333333333333333333333333333333333333333333333333320000000
0000002333300000333333333333333333333333333333300000333320000000
0000002333333033333333333333333333333333333333333033333320000000
0000000233333003333333333333333333333333333333330033333200000000
0000000233333300233333333333333333333333333333200333333200000000
0000000023333330023333333333333333333333333332003333332000000000
0000000002333333200233333333333333333333333200233333320000000000
0000000000023333333200233333333333333333200233333332000000000000
0000000000000233333333200233333333333200233333333200000000000000
0000000000000000233333333200000000000233333333200000000000000000
0000000000000000000023333333333333333333332000000000000000000000
0000000000000000000000000112222222221100000000000000000000000000
0000000000000000000000000000000000000000000000000000000000000000
0000000000000000000000000000000000000000000000000000000000000000
0000000000000000000000000000000000000000000000000000000000000000
0000000000000000000000000000000000000000000000000000000000000000
0000000000000000000000000000000000000000000000000000000000000000

