0000000000000000000000000000000000000000000000000000000000000000
0000000000000000000000000000000000000000000000000000000000000000
0000000000000000000000000000000000000000000000000000000000000000
0000000000000000000000000000000000000000000000000000000000000000
0000000000000000000000000111122222221111000000000000000000000000
0000000000000000000001223333333333333333322100000000000000000000
0000000000000000012233333333333333333333333332210000000000000000
0000000000000012233333333333333333333333333333332210000000000000
0000000000001223333333333333333333333333333333333322100000000000
0000000000122333333333333333333333333333333333333333221000000000
0000000001223333333333333333333333333333333333333333322100000000
0000000012233333333333333333333333333333333333333333332210000000
0000000122333333333333333333333333333333333333333333333221000000
0000000122333333333333333333333333333333333333333333333221000000
0000000122333333333333333333333333333333333333333333333221000000
0000000122333333333333333333333333333333333333333333333221000000
0000000122333333333333333333333333333333333333333333333221000000
0000000122333333333333333333333333333333333333333333333221000000
0000000122333333333333333333333333333333333333333333333221000000
0000000012233333333333333333333333333333333333333333332210000000
0000000001223333333333333333333333333333333333333333322100000000
0000000000122333333333333333333333333333333333333333221000000000
0000000000001223333333333333333333333333333333333322100000000000
0000000000000012333333333333333333333333333333332210000000000000
0000000000000000012233333333333333333333333332210000000000000000
0000000000000000000001223333333333333333322100000000000000000000
0000000000000000000000000111122222221111000000000000000000000000
0000000000000000000000000000000000000000000000000000000000000000
0000000000000000000000000000000000000000000000000000000000000000
0000000000000000000000000000000000000000000000000000000000000000
0000000000000000000000000000000000000000000000000000000000000000
0000000000000000000000000000000000000000000000000000000000000000

